%YAML:1.0
---
rvec_0: !!opencv-matrix
   rows: 1
   cols: 3
   dt: d
   data: [ 3.7012636814581570e-03, 2.7425336691485254e+00,
       -4.9717058954906294e-03 ]
tvec_0: !!opencv-matrix
   rows: 1
   cols: 3
   dt: d
   data: [ 2.1810690203908856e-01, -3.6598597410814758e-03,
       2.3298040294951522e-01 ]
